         155
         225
          87
         166
          69
         168
          66
           7
          31
          76
          68
         144
         248
          82
         116
          85
          84
         214
         198
         185
          61
         130
         178
          12
         130
         120
         165
         203
         209
         222
         185
         179
         245
         225
         233
         227
          25
         107
          94
         126
         113
         133
          61
         235
          94
         136
          54
         153
         157
          74
         255
         123
         111
         203
         106
         236
          51
          13
          86
         250
         249
         212
         111
         211
          43
         200
         146
         137
          66
         151
         152
          92
         165
         254
          53
          69
          37
         210
          82
         119
         255
         100
         160
         218
         242
          16
         127
          26
         171
         178
           4
         196
         122
         183
         191
          41
          23
         167
          33
          71
         240
          76
         239
         155
          61
         102
         165
         120
         141
          73
         149
         119
         123
          19
          30
         131
         109
           7
         240
         163
         192
         112
          96
          78
          61
          45
          90
         220
         145
          53
         140
         157
         238
          58
         190
         177
         254
         233
         158
         144
          61
          28
          23
          44
         237
          57
          27
         125
         188
          59
